
#维度 LDA 运行次数 虚拟机平均算力 虚拟机最大算力  host平均算力 host最大算力
1000	1000	4	127.7058	224.0805	168.2222	218.0186
2000	2000	4	160.0567	171.1799	411.3723	413.4495
5000	5008	4	336.0022	340.7644	540.9184	541.1133
10000	10000	4	426.0585	426.2561	654.2674	654.7138
15000	15000	4	463.5657	463.7094	680.8440	691.3080
18000	18008	4	475.3354	476.7435	655.0399	672.1607
20000	20016	4	473.3497	473.6124	634.5837	634.7261
22000	22008	4	480.7497	481.2160	656.6555	675.7760
25000	25000	4	490.8070	490.8111	679.5397	688.0701
26000	26000	4	496.1534	496.4846	679.4453	693.9464
27000	27000	4	497.5560	497.5560	699.3103	699.3103
30000	30000	1	502.6092	502.6092	672.6898	672.6898

1000	1000	4	168.2222	218.0186
2000	2000	4	411.3723	413.4495
5000	5008	4	540.9184	541.1133
10000	10000	4	654.2674	654.7138
15000	15000	4	680.8440	691.3080
18000	18008	4	655.0399	672.1607
20000	20016	4	634.5837	634.7261
22000	22008	4	656.6555	675.7760
25000	25000	4	679.5397	688.0701
26000	26000	4	679.4453	693.9464
27000	27000	4	699.3103	699.3103
30000	30000	1	672.6898	672.6898
